-1001690214605
-1001616754476
-1001787185862
-1001420087688
-1001342979884
-1001710094969
-1001736064433
-1001542915673
-1001304769012
-1001598746769
-1001682900303
-1001446183454
-1001728420451
-1001512714359
-1001668449359
-1001530506802
-1001649049605
-1001331446602
-1001286603849
-1001423177201
-1001283948834
-1001297360989
-1001322051385
-1001229452074
-1001449529376
-1001564827441
-1001699638790
-1001524834118
-1001126135280
-1001562932598
-1001484513251
-1001186049046
-1001299921538
-1001710863324
-1001675350629
-1001455362180
-1001511888991
-1001493438500
-1001301770533
-1001124818365
-1001423903120
-1001347865879
-1001589738884
-1001331258319
-1001359954297
-1001569040383
-1001791943737
-1001345352409
-1001164668702
-1001665198098
-1001439865900
-1001403455459
-1001373630851
-1001220612892
-1001478379569
-1001557228269
-1001678163258
-1001655988544
-1001335513159
-1001753267410
-1001227483968
-1001715182339
-1001450079528
-1001763341267
-1001611395697
-1001557551711
-1001348224234
-1001551561975
-1001213082221
-1001651006263
-1001565467727
-1001395222784
-1001692867974
-1001184172009
-1001556318302
-1001319068690
-1001155216385
-1001774585939
-1001572079007
-1001521244622
-1001174121628
-1001392225475
-1001555316988
-1001595918562
-1001304666897
-1001313881386
-1001205189524
-1001405587077
-1001507530351
-1001578450652
-1001714470366
-1001710353174
-1001564020608
-1001503483128
-1001497597535
-1001458894677
-1001780126848
-1001478053685
-1001206399394
-1001375369433
-1001512581997
-1001533304773
-1001255001916
-1001716669681
-1001214950455
-1001547314937
-1001764378939
-1001490084824
-1001490519358
-1001495163437
-1001539376916
-1001599421089
-1001541486866
-1001571703078
-1001400353929
-1001567896289
-1001166775974
-1001733487692
-1001798618797
-1001597415109
-1001550860149
-1001650540145
-1001600262576
-1001739442352
-1001292820216
-1001520282376
-1001608507009
-1001454728461
-1001172815973
-1001626077497
-1001723568040
-1001691716517
-1001227536743
-1001463734875
-1001199091782
-1001555771349
-1001392280898
-1001696146265
-1001727474801
-1001275140890
-1001554925661
-1001170463481
-1001589842071
-1001572391711
-1001368710964
-1001680825558
-1001769943856
-1001538474920
-1001323150642
-1001583589242
-1001775042561
-1001695264638
-1001544924069
-1001297762323
-1001799517026
-1001624792322
-1001321514392
-1001224726535
-1001151041428
-1001266359531
-1001539436797
-1001654480984
-1001776715549
-1001700065839
-1001513382167
-1001238096780
-1001452910084
-1001402908799
-1001504922846
-1001372737600
-1001225902896
-1001722393333
-1001414915528
-1001362057292
-1001562963828
-1001281555166
-1001762572296
-1001591829045
-1001173506465
-1001644780093
-1001694900019
-1001427885354
-1001587765498
-1001229576459
-1001192507269
-1001431094532
-1001593625532
-1001559306825
-1001505246731
-1001352798015
-1001314982761
-1001308434819
-1001171615674
-1001385391786
-1001678648180
-1001674412669
-1001154989477
-1001571889015
-1001314067316
-1001214029860
-1001473375929
-1001494777703
-1001549046978
-1001444952282
-1001580118022
-1001507149420
-1001239694242
-1001215734294
-1001166322799
-1001189375785
-1001487995107
-1001741468575
-1001315355956
-1001495292103
-1001204202338
-1001507271056
-1001210585966
-1001604676091
-1001654943709
-1001516200149
-1001768120967
-1001489608163
-1001449411977
-1001521825223
-1001637432188
-1001490443696
-1001123395541
-1001414889755
-1001244452567
-1001413443609
-1001244725767
-1001543120065
-1001727560871
-1001727336874
-1001429421003
-1001538499753
-1001080102926
-1001521220104
-1001379512140
-1001397733764
-1001288418852
-1001544062524
-1001443752226
-1001668227812
-1001572521190
-1001330459557
-1001580342813
-1001387536217
-1001645406477
-1001181351525
-1001266258800
-1001558935291
-1001488918702
-1001375402364
-1001193536155
-1001455708676
-1001635563643
-1001481229514
-1001773809737
-1001609920196
-1001719777662
-1001335992573
-1001405195565
-1001617119027
-1001382483641
-1001296032820
-1001195208605
-1001725214721
-1001597026707
-1001506467306
-1001636539793
-1001446882197
-1001406011559
-1001577406958
-1001666031160
-1001643231793
-1001730551258
-1001287371443
-1001669372858
-1001723831569
-1001250901522
-1001363828603
-1001479607123
-1001746149497
-1001490953014
-1001590341990
-1001543099254
-1001789422323
-1001570701362
-1001229472708
-1001667601451
-1001512748208
-1001266847392
-1001486107251
-1001445734449
-1001635016675
-1001318767658
-1001469858236
-1001718536023
-1001623966561
-1001654523384
-1001679101626
-1001163258384
-1001235553026
-1001538326639
-1001566097035
-1001443872021
-1001733198682
-1001643730453
-1001651108552
-1001359013070
-1001509387496
-1001477656495
-1001309425090
-1001564306581
-1001414987841
-1001745855523
-1001340925249
-1001295568002
-1001365181005
-1001149655554
-1001474636607
-1001504933870
-1001197009526
-1001632724315
-1001310016852
-1001413023409
-1001368428986
-1001562591820
-1001563545521
-1001307136957
-1001776483124
-1001759885830
-1001652662719
-1001380508055
-1001661441408
-1001281839114
-1001521335417
-1001124412786
-1001194386235
-1001183298825
-1001477247067
-1001328673695
-1001768041227
-1001766385489
-1001261925554
-1001499328988
-1001352100839
-1001540566103
-1001563435022
-1001609956457
-1001663975864
-1001584536480
-1001643622734
-1001431786312
-1001593453987
-1001738310334
-1001520620711
-1001547378781
-1001690734348
-1001417096575
-1001590357234
-1001483456686
-1001266881200
-1001111039481
-1001201169887
-1001710646608
-1001224400352
-1001480393524
-1001293765696
-1001377227420
-1001769233256
-1001343617123
-1001455876466
-1001537005706
-1001631832909
-1001571195462
-1001197161750
-1001122700024
-1001473069872
-1001362932161
-1001549470958
-1001153137963
-1001227600456
-1001545182327
-1001513693519
-1001755140816
-1001572400777
-1001536928503
-1001678565159
-1001606372812
-1001716088634
-1001706160380
-1001599622221
-1001671243162
-1001793431127
-1001527603610
-1001552297052
-1001255459431
-1001400632230
-1001580463483
-1001373148164
-1001590117907
-1001177770234
-1001701796000
-1001666058708
-1001761864744
-1001219312697
-1001253008896
-1001776155601
-1001798484953
-1001171846322
-1001614758209
-1001723064210
-1001700162309
-1001591957182
-1001688349555
-1001360712091
-1001414416734
-1001723308915
-1001312354024
-1001197857907
-1001577939394
-1001422971511
-1001173983278
-1001494938676
-1001404679797
-1001691357189
-1001251715288
-1001225197017
-1001784921755
-1001758901830
-1001158102161
-1001791579770
-1001463103812
-1001244687630
-1001746307573
-1001591092695
-1001517222507
-1001667983202
-1001438134062
-1001346399511
-1001356688313
-1001438850204
-1001722837464
-1001609780631
-1001724308547
-1001689301376
-1001516637316
-1001275889356
-1001779313188
-1001356905602
-1001468513564
-1001748411443
-1001476862589
-1001626011171
-1001277049788
-1001216998878
-1001406603945
-1001497526190
-1001748871438
-1001217560781
-1001578008667
-1001479898219
-1001662819412
-1001720687273
-1001414424977
-1001743361994
-1001694649419
-1001212716555
-1001279552892
-1001553092734
-1001543732961
-1001593051579
-1001732524185
-1001518958070
-1001233423372
-1001409493254
-1001271549870
-1001522494547
-1001573869229
-1001206562401
-1001400312086
-1001221888158
-1001644114676
-1001465232492
-1001222818314
-1001546304332
-1001382374864
-1001250001159
-1001129808044
-1001238082223
-1001449684867
-1001390748415
-1001483202410
-1001491956388
-1001182511262
