-1001331446602
-1001539376916
-1001292629738
-1001563673986
-1001227839868
-1001304769012
-1001322237153
-1001443323223
-1001073924998
-1001208790394
-1001308995151
-1001797436370
-1001167524451
-1001483978774
-1001564827441
-1001278891614
-1001341337557
-1001682492179
-1001123431764
-1001216001959
-1001223095378
-1001309785794
-1001482908524
-1001710094969
-1001790446999
-1001191955132
-1001218292789
-1001253139047
-1001446183454
-1001582039730
-1001740823994
-1001160621949
-1001440880286
-1001673122410
-1001391058756
-1001392225475
-1001475157258
-1001103791692
-1001263277302
-1001532135511
-1001229473640
-1001203426815
-1001312517834
-1001412790048
-1001453422888
-1001481494310
-1001507507196
-1001578737486
-1001440128752
-1001477024426
-1001598746769
-1001625358728
-1001394184788
-1001505966795
-1001212977375
-1001616754476
-1001628821044
-1001565006132
-1001430319276
-1001227257009
-1001525219691
-1001150812325
-1001115643172
-1001301770533
-1001414974748
-1001577864863
-1001492163784
-1001493438500
-1001607315585
-1001449529376
-1001483972556
-1001786297023
-1001208169208
-1001293728005
-1001571054747
-1001576320707
-1001206399394
-1001335513159
-1001345352409
-1001408129758
-1001416259783
-1001282213003
-1001322051385
-1001717626647
-1001396221612
-1001274234384
-1001625534894
-1001275140890
-1001180354222
-1001521428549
-1001578048566
-1001486686220
-1001478053685
-1001678163258
-1001525898160
-1001500439280
-1001297836942
-1001173672759
-1001646371528
-1001667550852
-1001195255356
-1001359645459
-1001652838712
-1001560804644
-1001537182848
-1001490519358
-1001265995025
-1001532019494
-1001687716253
-1001528253762
-1001381154970
-1001594421085
-1001776715549
-1001227483968
-1001172956449
-1001572325131
-1001760640766
-1001789862181
-1001453522941
-1001619983067
-1001450079528
-1001747237713
-1001606321980
-1001722393333
-1001149674931
-1001267196376
-1001562531613
-1001577101078
-1001493595172
-1001514085685
-1001715284068
-1001494562224
-1001528765244
-1001581372399
-1001473564097
-1001370115207
-1001658845650
-1001199091782
-1001461598839
-1001694639205
-1001781340880
-1001725609295
-1001319272944
-1001720227489
-1001777938057
-1001299036321
-1001774462244
-1001464651909
-1001589473994
-1001513126382
-1001452910084
-1001715182339
-1001764378939
-1001813226865
-1001221696810
-1001545291464
-1001819919420
-1001252286754
-1001266182078
-1001559681614
-1001281582495
-1001631923475
-1001323602430
-1001727347776
-1001323150642
-1001230380770
-1001472672896
-1001348224234
-1001498556335
-1001741847601
-1001270432823
-1001318785945
-1001589640213
-1001646897586
-1001198530202
-1001329390683
-1001667632117
-1001714064693
-1001229640983
-1001566473694
-1001443996811
-1001333754408
-1001722357647
-1001698543813
-1001672086126
-1001738792928
-1001175468413
-1001631401604
-1001652975884
-1001573982323
-1001309559417
-1001436517576
-1001609982410
-1001519553261
-1001424845228
-1001516383967
-1001612138242
-1001225902896
-1001710569482
-1001375234414
-1001530612969
-1001668420867
-1001789550758
-1001502293410
-1001510977035
-1001787101624
-1001582318520
-1001374013720
-1001163058129
-1001529221833
-1001235078128
-1001737364760
-1001518648561
-1001238096780
-1001588945919
-1001515643877
-1001518882562
-1001686338342
-1001732956158
-1001694561407
-1001521537929
-1001516200149
-1001155513089
-1001764072502
-1001456757912
-1001719409469
-1001781251119
-1001615740779
-1001539482100
-1001568667822
-1001788855992
-1001284166043
-1001517015924
-1001768564877
-1001535645128
-1001636927338
-1001773813206
-1001281881352
-1001217899585
-1001633156937
-1001432564041
-1001551088473
-1001405587077
-1001577483637
-1001288418852
-1001577488607
-1001668227812
-1001781992993
-1001280523383
-1001552199947
-1001263327071
-1001560932872
-1001797025127
-1001181351525
-1001324195303
-1001359922948
-1001266258800
-1001402908799
-1001511421529
-1001659257437
-1001793541641
-1001783875623
-1001313703026
-1001788227729
-1001523326279
-1001233211348
-1001126644485
-1001412524102
-1001707676946
-1001578391031
-1001516268122
-1001752229197
-1001719777662
-1001749146079
-1001411397026
-1001584986731
-1001579147894
-1001571162420
-1001200719789
-1001587053863
-1001557416885
-1001496872445
-1001643810768
-1001297837301
-1001648852725
-1001753266982
-1001216869880
-1001414825641
-1001273755517
-1001681169600
-1001424747221
-1001669494692
-1001647478133
-1001317107480
-1001121513913
-1001313093456
-1001632242404
-1001342737663
-1001331612921
-1001392982296
-1001391437070
-1001402074579
-1001281960972
-1001719659426
-1001754602682
-1001693929556
-1001466166970
-1001768963171
-1001235553026
-1001647400529
-1001228635911
-1001865522140
-1001634719822
-1001692421264
-1001320912374
-1001662605640
-1001125879247
-1001733198682
-1001260318936
-1001609921921
-1001533491046
-1001254088195
-1001774284416
-1001528225133
-1001282707724
-1001413023409
-1001551513530
-1001561869969
-1001541722646
-1001522367713
-1001582258589
-1001708838925
-1001759885830
-1001591425421
-1001632168905
-1001610194923
-1001337811199
-1001766385489
-1001434461159
-1001557880211
-1001517527907
-1001584816868
-1001588709013
-1001449290416
-1001592885203
-1001547378781
-1001391947120
-1001710390908
-1001759990442
-1001665535053
-1001596954648
-1001626185007
-1001534470695
-1001436335234
-1001307944933
-1001714499610
-1001740107543
-1001580453034
-1001613180899
-1001595908990
-1001697205182
-1001563308531
-1001514885500
-1001589184206
-1001625408608
-1001575828216
-1001666058708
-1001434060657
-1001504654187
-1001361696454
-1001723308915
-1001719453687
-1001573710839
-1001575215362
-1001292933413
